   0.00000   1.00000  -90.0236   1.00000  -90.0236
   1.00000   0.99386  -89.9540   0.99540  -89.9328
   2.00000   0.97566  -89.7430   0.98173  -89.6584
   3.00000   0.94596  -89.3841   0.95933  -89.1949
   4.00000   0.90573  -88.8661   0.92881  -88.5327
   5.00000   0.85623  -88.1720   0.89094  -87.6579
   6.00000   0.79902  -87.2786   0.84669  -86.5520
   7.00000   0.73584  -86.1544   0.79718  -85.1909
   8.00000   0.66857  -84.7580   0.74363  -83.5444
   9.00000   0.59918  -83.0354   0.68734  -81.5754
  10.00000   0.52960  -80.9170   0.62963  -79.2392
  11.00000   0.46170  -78.3146   0.57183  -76.4833
  12.00000   0.39721  -75.1198   0.51520  -73.2479
  13.00000   0.33765  -71.2062   0.46094  -69.4686
  14.00000   0.28426  -66.4429   0.41008  -65.0822
  15.00000   0.23797  -60.7282   0.36351  -60.0370
  16.00000   0.19927  -54.0551   0.32190  -54.3096
  17.00000   0.16809  -46.6044   0.28563  -47.9264
  18.00000   0.14374  -38.8196   0.25477  -40.9843
  19.00000   0.12497  -31.3809   0.22902  -33.6591
  20.00000   0.11018  -25.0517   0.20778  -26.1896
  21.00000   0.09783  -20.5041   0.19017  -18.8367
  22.00000   0.08683  -18.2597   0.17520  -11.8314
  23.00000   0.07670  -18.7559   0.16193   -5.3367
  24.00000   0.06755  -22.4170   0.14956    0.5653
  25.00000   0.06005  -29.5547   0.13752    5.8627
  26.00000   0.05514  -39.9181   0.12544   10.5934
  27.00000   0.05350  -52.1238   0.11317   14.8251
  28.00000   0.05502  -63.9843   0.10069   18.6408
  29.00000   0.05870  -73.8697   0.08812   22.1328
  30.00000   0.06326  -81.3667   0.07560   25.4019
  31.00000   0.06761  -86.8024   0.06336   28.5653
  32.00000   0.07101  -90.6744   0.05159   31.7763
  33.00000   0.07300  -93.4065   0.04051   35.2672
  34.00000   0.07334  -95.3050   0.03029   39.4582
  35.00000   0.07199  -96.5756   0.02111   45.2741
  36.00000   0.06901  -97.3491   0.01317   55.3038
  37.00000   0.06455  -97.6995   0.00704   79.2216
  38.00000   0.05884  -97.6532   0.00503  137.9146
  39.00000   0.05213  -97.1873   0.00771  177.9988
  40.00000   0.04470  -96.2125   0.01095 -167.6599
  41.00000   0.03685  -94.5260   0.01352 -160.8471
  42.00000   0.02886  -91.6852   0.01530 -156.7858
  43.00000   0.02106  -86.6360   0.01629 -154.0110
  44.00000   0.01384  -76.3935   0.01659 -151.9423
  45.00000   0.00815  -50.8838   0.01630 -150.3045
  46.00000   0.00683    1.9763   0.01551 -148.9487
  47.00000   0.01029   36.4218   0.01433 -147.7850
  48.00000   0.01469   49.8614   0.01285 -146.7529
  49.00000   0.01869   56.2826   0.01118 -145.8056
  50.00000   0.02200   59.9985   0.00938 -144.8990
  51.00000   0.02453   62.4469   0.00753 -143.9784
  52.00000   0.02629   64.2193   0.00569 -142.9512
  53.00000   0.02732   65.6015   0.00390 -141.5974
  54.00000   0.02767   66.7497   0.00222 -139.1194
  55.00000   0.02741   67.7586   0.00067 -127.7995
  56.00000   0.02663   68.6922   0.00080   24.3964
  57.00000   0.02540   69.5987   0.00206   32.6109
  58.00000   0.02381   70.5199   0.00315   34.7038
  59.00000   0.02193   71.4975   0.00409   35.7867
  60.00000   0.01985   72.5791   0.00487   36.5093
  61.00000   0.01763   73.8265   0.00549   37.0563
  62.00000   0.01534   75.3275   0.00597   37.5011
  63.00000   0.01303   77.2184   0.00632   37.8789
  64.00000   0.01075   79.7286   0.00655   38.2091
  65.00000   0.00856   83.2803   0.00668   38.5033
  66.00000   0.00649   88.7359   0.00672   38.7692
  67.00000   0.00463   98.0821   0.00668   39.0119
  68.00000   0.00311  116.2672   0.00657   39.2352
  69.00000   0.00232  151.0407   0.00641   39.4420
  70.00000   0.00265 -171.2316   0.00622   39.6344
  71.00000   0.00361 -150.2349   0.00599   39.8142
  72.00000   0.00471 -139.6827   0.00573   39.9826
  73.00000   0.00575 -133.7116   0.00547   40.1410
  74.00000   0.00670 -129.9375   0.00520   40.2903
  75.00000   0.00754 -127.3511   0.00492   40.4313
  76.00000   0.00826 -125.4715   0.00465   40.5647
  77.00000   0.00887 -124.0444   0.00439   40.6912
  78.00000   0.00938 -122.9236   0.00413   40.8112
  79.00000   0.00980 -122.0199   0.00389   40.9253
  80.00000   0.01012 -121.2754   0.00367   41.0340
  81.00000   0.01037 -120.6511   0.00346   41.1375
  82.00000   0.01054 -120.1200   0.00327   41.2362
  83.00000   0.01065 -119.6626   0.00309   41.3305
  84.00000   0.01071 -119.2644   0.00294   41.4206
  85.00000   0.01071 -118.9146   0.00280   41.5069
  86.00000   0.01067 -118.6049   0.00268   41.5894
  87.00000   0.01059 -118.3288   0.00258   41.6685
  88.00000   0.01047 -118.0812   0.00250   41.7443
  89.00000   0.01032 -117.8578   0.00243   41.8170
  90.00000   0.01014 -117.6554   0.00238   41.8868
  91.00000   0.00993 -117.4713   0.00235   41.9539
  92.00000   0.00969 -117.3030   0.00233   42.0184
  93.00000   0.00943 -117.1488   0.00232   42.0804
  94.00000   0.00914 -117.0071   0.00232   42.1400
  95.00000   0.00882 -116.8763   0.00234   42.1974
  96.00000   0.00847 -116.7555   0.00237   42.2527
  97.00000   0.00809 -116.6436   0.00240   42.3060
  98.00000   0.00769 -116.5398   0.00245   42.3573
  99.00000   0.00725 -116.4432   0.00250   42.4068
 100.00000   0.00678 -116.3533   0.00256   42.4545
 101.00000   0.00628 -116.2695   0.00262   42.5006
 102.00000   0.00574 -116.1913   0.00268   42.5450
 103.00000   0.00517 -116.1182   0.00274   42.5880
 104.00000   0.00456 -116.0499   0.00280   42.6294
 105.00000   0.00392 -115.9859   0.00285   42.6695
 106.00000   0.00324 -115.9261   0.00290   42.7082
 107.00000   0.00254 -115.8701   0.00294   42.7456
 108.00000   0.00180 -115.8177   0.00297   42.7818
 109.00000   0.00103 -115.7687   0.00299   42.8168
 110.00000   0.00025 -115.7229   0.00298   42.8506
 111.00000   0.00055   64.3199   0.00296   42.8834
 112.00000   0.00136   64.3599   0.00292   42.9151
 113.00000   0.00216   64.3972   0.00285   42.9457
 114.00000   0.00296   64.4318   0.00276   42.9754
 115.00000   0.00373   64.4640   0.00263   43.0041
 116.00000   0.00447   64.4938   0.00248   43.0320
 117.00000   0.00516   64.5212   0.00230   43.0589
 118.00000   0.00580   64.5464   0.00208   43.0850
 119.00000   0.00635   64.5694   0.00183   43.1103
 120.00000   0.00682   64.5903   0.00156   43.1347
 121.00000   0.00719   64.6091   0.00125   43.1584
 122.00000   0.00744   64.6258   0.00092   43.1814
 123.00000   0.00756   64.6405   0.00057   43.2037
 124.00000   0.00755   64.6531   0.00020   43.2252
 125.00000   0.00740   64.6637   0.00018 -136.7539
 126.00000   0.00710   64.6723   0.00057 -136.7337
 127.00000   0.00665   64.6788   0.00095 -136.7141
 128.00000   0.00607   64.6832   0.00131 -136.6951
 129.00000   0.00534   64.6855   0.00165 -136.6767
 130.00000   0.00450   64.6856   0.00196 -136.6589
 131.00000   0.00355   64.6836   0.00223 -136.6416
 132.00000   0.00251   64.6792   0.00245 -136.6249
 133.00000   0.00142   64.6725   0.00260 -136.6088
 134.00000   0.00030   64.6632   0.00268 -136.5931
 135.00000   0.00081 -115.3486   0.00269 -136.5780
 136.00000   0.00189 -115.3631   0.00262 -136.5633
 137.00000   0.00290 -115.3805   0.00246 -136.5491
 138.00000   0.00379 -115.4009   0.00222 -136.5354
 139.00000   0.00455 -115.4246   0.00191 -136.5221
 140.00000   0.00514 -115.4518   0.00152 -136.5093
 141.00000   0.00554 -115.4826   0.00107 -136.4969
 142.00000   0.00573 -115.5175   0.00057 -136.4849
 143.00000   0.00571 -115.5567   0.00004 -136.4734
 144.00000   0.00546 -115.6006   0.00051   43.5378
 145.00000   0.00500 -115.6497   0.00105   43.5485
 146.00000   0.00435 -115.7043   0.00156   43.5589
 147.00000   0.00354 -115.7652   0.00202   43.5689
 148.00000   0.00258 -115.8328   0.00241   43.5785
 149.00000   0.00154 -115.9081   0.00270   43.5877
 150.00000   0.00045 -115.9917   0.00289   43.5966
 151.00000   0.00064   63.9154   0.00296   43.6052
 152.00000   0.00168   63.8120   0.00289   43.6134
 153.00000   0.00261   63.6968   0.00269   43.6213
 154.00000   0.00341   63.5683   0.00235   43.6288
 155.00000   0.00402   63.4248   0.00190   43.6360
 156.00000   0.00442   63.2642   0.00133   43.6429
 157.00000   0.00460   63.0841   0.00068   43.6495
 158.00000   0.00455   62.8817   0.00003 -136.3443
 159.00000   0.00426   62.6535   0.00077 -136.3383
 160.00000   0.00377   62.3957   0.00150 -136.3327
 161.00000   0.00309   62.1035   0.00219 -136.3273
 162.00000   0.00227   61.7713   0.00280 -136.3223
 163.00000   0.00134   61.3926   0.00330 -136.3175
 164.00000   0.00035   60.9594   0.00366 -136.3130
 165.00000   0.00064 -119.5373   0.00386 -136.3089
 166.00000   0.00160 -120.1085   0.00388 -136.3050
 167.00000   0.00249 -120.7666   0.00371 -136.3013
 168.00000   0.00327 -121.5256   0.00337 -136.2980
 169.00000   0.00391 -122.4009   0.00285 -136.2949
 170.00000   0.00441 -123.4082   0.00218 -136.2921
 171.00000   0.00476 -124.5613   0.00139 -136.2896
 172.00000   0.00497 -125.8693   0.00051 -136.2873
 173.00000   0.00506 -127.3308   0.00041   43.7146
 174.00000   0.00506 -128.9260   0.00134   43.7164
 175.00000   0.00499 -130.6071   0.00221   43.7178
 176.00000   0.00488 -132.2896   0.00300   43.7190
 177.00000   0.00476 -133.8490   0.00366   43.7199
 178.00000   0.00466 -135.1314   0.00415   43.7206
 179.00000   0.00459 -135.9809   0.00446   43.7210
 180.00000   0.00457 -136.2789   0.00457   43.7211
